x,y
1246,197.60000000000002
1124,-64.0
1194,82.39999999999998
1251,154.39999999999998
1169,161.60000000000002
1222,53.599999999999966
1015,-337.6
1164,118.39999999999998
1242,197.60000000000002
1177,161.60000000000002
1039,-52.0
247,293.6
1030,24.80000000000001
1192,144.79999999999995
246,296.0
693,-140.8
245,293.6
244,291.19999999999993
243,291.19999999999993
1182,173.60000000000002
243,291.19999999999993
1238,120.79999999999995
1207,75.19999999999999
242,291.19999999999993
1038,190.39999999999998
1218,53.599999999999966
241,291.19999999999993
1217,48.80000000000001
240,288.79999999999995
1185,185.60000000000002
1164,149.60000000000002
1021,-102.40000000000003
239,288.79999999999995
239,288.79999999999995
238,288.79999999999995
237,291.19999999999993
236,291.19999999999993
236,291.19999999999993
235,293.6
234,293.6
233,293.6
232,293.6
231,293.6
1237,185.60000000000002
230,296.0
229,298.4
228,298.4
227,296.0
1204,92.0
226,296.0
398,-61.60000000000002
1023,-95.19999999999999
691,-143.2
641,-200.8
225,296.0
703,-155.20000000000002
224,296.0
223,296.0
222,296.0
219,296.0
216,298.4
215,298.4
217,300.79999999999995
214,300.79999999999995
215,300.79999999999995
1208,94.39999999999998
214,300.79999999999995
213,300.79999999999995
212,300.79999999999995
210,300.79999999999995
209,300.79999999999995
208,300.79999999999995
206,300.79999999999995
205,300.79999999999995
701,-150.4
205,300.79999999999995
203,300.79999999999995
202,303.19999999999993
201,303.19999999999993
200,303.19999999999993
199,303.19999999999993
1218,72.79999999999995
198,305.6
1207,44.0
197,305.6
196,305.6
195,308.0
194,305.6
193,305.6
192,305.6
191,308.0
190,308.0
187,308.0
185,310.4
184,310.4
184,310.4
183,312.79999999999995
182,312.79999999999995
181,312.79999999999995
180,312.79999999999995
179,312.79999999999995
177,312.79999999999995
177,312.79999999999995
176,312.79999999999995
171,312.79999999999995
169,315.19999999999993
172,315.19999999999993
170,317.6
170,317.6
167,317.6
167,312.79999999999995
166,312.79999999999995
164,320.0
165,312.79999999999995
163,312.79999999999995
162,315.19999999999993
163,315.19999999999993
162,315.19999999999993
160,317.6
157,305.6
153,327.19999999999993
153,324.79999999999995
153,320.0
152,322.4
151,320.0
151,324.79999999999995
147,324.79999999999995
145,324.79999999999995
144,300.79999999999995
141,324.79999999999995
144,324.79999999999995
144,324.79999999999995
143,324.79999999999995
142,322.4
139,327.19999999999993
133,327.19999999999993
135,327.19999999999993
135,327.19999999999993
136,329.6
134,327.19999999999993
132,329.6
126,329.6
127,329.6
121,329.6
126,329.6
130,329.6
127,329.6
119,329.6
124,329.6
118,332.0
123,332.0
122,332.0
122,332.0
122,334.4
121,334.4
104,334.4
119,334.4
113,334.4
114,334.4
113,334.4
115,334.4
112,336.79999999999995
113,336.79999999999995
109,351.19999999999993
105,339.19999999999993
109,339.19999999999993
110,341.6
109,341.6
108,341.6
106,341.6
104,341.6
91,334.4
103,341.6
101,332.0
99,339.19999999999993
103,341.6
99,344.0
94,341.6
98,344.0
96,344.0
96,344.0
90,346.4
95,346.4
94,348.79999999999995
93,346.4
91,346.4
90,348.79999999999995
90,344.0
89,348.79999999999995
78,344.0
83,344.0
79,344.0
83,348.79999999999995
84,351.19999999999993
83,353.6
84,353.6
80,356.0
82,356.0
82,358.4
82,356.0
72,351.19999999999993
73,348.79999999999995
75,351.19999999999993
71,348.79999999999995
70,363.19999999999993
69,351.19999999999993
69,351.19999999999993
67,360.79999999999995
67,356.0
66,356.0
66,356.0
64,358.4
65,363.19999999999993
66,368.0
66,368.0
66,368.0
67,368.0
66,368.0
66,370.4
64,370.4
61,370.4
61,372.79999999999995
61,372.79999999999995
59,375.19999999999993
61,375.19999999999993
59,377.6
58,377.6
58,380.0
58,382.4
57,382.4
56,384.79999999999995
31,384.79999999999995
50,384.79999999999995
52,387.19999999999993
52,387.19999999999993
47,392.0
48,389.6
46,392.0
49,389.6
44,392.0
692,-140.8
48,394.4
47,396.79999999999995
46,396.79999999999995
45,396.79999999999995
40,396.79999999999995
43,399.19999999999993
42,404.0
41,406.4
40,401.6
39,399.19999999999993
39,401.6
38,399.19999999999993
37,399.19999999999993
37,399.19999999999993
36,404.0
36,411.19999999999993
33,404.0
28,404.0
32,406.4
32,406.4
32,406.4
31,411.19999999999993
30,408.79999999999995
29,411.19999999999993
28,406.4
29,406.4
28,411.19999999999993
27,413.6
27,413.6
26,413.6
25,416.0
24,416.0
23,416.0
22,418.4
20,418.4
21,420.79999999999995
19,420.79999999999995
17,423.19999999999993
15,423.19999999999993
16,423.19999999999993
17,428.0
13,423.19999999999993
14,423.19999999999993
13,423.19999999999993
11,420.79999999999995
9,425.6
8,420.79999999999995
7,423.19999999999993
8,425.6
6,425.6
4,428.0
4,428.0
4,430.4
3,430.4
2,432.79999999999995
1,432.79999999999995
0,432.79999999999995
0,435.19999999999993
0,435.19999999999993
0,435.19999999999993
0,435.19999999999993
0,435.19999999999993
0,435.19999999999993
0,437.6
0,437.6
0,471.19999999999993
0,471.19999999999993
0,471.19999999999993
0,468.79999999999995
0,468.79999999999995
0,468.79999999999995
0,468.79999999999995
0,466.4
0,466.4
0,464.0
0,464.0
0,461.6
0,461.6
0,461.6
1,461.6
1,459.19999999999993
2,459.19999999999993
3,459.19999999999993
1,468.79999999999995
1,456.79999999999995
1,456.79999999999995
5,456.79999999999995
5,456.79999999999995
7,456.79999999999995
8,454.4
10,442.4
9,452.0
8,452.0
8,452.0
8,452.0
8,452.0
9,449.6
18,440.0
18,440.0
18,440.0
16,442.4
16,442.4
3,444.79999999999995
15,444.79999999999995
14,442.4
14,442.4
11,447.19999999999993
3,452.0
19,452.0
27,447.19999999999993
32,444.79999999999995
33,437.6
31,437.6
34,437.6
34,437.6
32,442.4
35,435.19999999999993
33,435.19999999999993
34,435.19999999999993
41,432.79999999999995
40,447.19999999999993
33,430.4
36,430.4
39,430.4
41,430.4
42,430.4
40,430.4
43,428.0
40,428.0
42,428.0
37,428.0
46,425.6
48,428.0
49,425.6
47,423.19999999999993
39,423.19999999999993
48,423.19999999999993
51,420.79999999999995
52,420.79999999999995
53,418.4
55,416.0
54,432.79999999999995
55,418.4
56,416.0
54,416.0
58,413.6
59,416.0
58,413.6
58,416.0
60,413.6
62,413.6
62,413.6
62,416.0
66,416.0
67,411.19999999999993
68,411.19999999999993
68,411.19999999999993
69,411.19999999999993
69,411.19999999999993
69,411.19999999999993
72,408.79999999999995
72,413.6
70,408.79999999999995
72,408.79999999999995
73,408.79999999999995
75,406.4
77,404.0
78,401.6
78,401.6
78,404.0
80,404.0
81,401.6
81,401.6
82,401.6
83,399.19999999999993
82,399.19999999999993
1260,512.0
82,401.6
1257,509.6
82,399.19999999999993
1253,507.19999999999993
83,401.6
1249,504.79999999999995
86,401.6
1245,504.79999999999995
82,406.4
1241,502.4
88,399.19999999999993
1237,500.0
89,401.6
1233,497.6
89,399.19999999999993
1229,495.19999999999993
89,399.19999999999993
1225,476.0
89,399.19999999999993
1221,492.79999999999995
89,394.4
1217,490.4
1247,471.19999999999993
89,396.79999999999995
1213,488.0
1237,471.19999999999993
1199,418.4
92,396.79999999999995
1209,473.6
1241,468.79999999999995
89,394.4
1205,488.0
1234,466.4
94,394.4
1201,483.19999999999993
1246,464.0
1188,420.79999999999995
1256,507.19999999999993
1197,483.19999999999993
1223,464.0
1184,418.4
1193,466.4
1227,461.6
1180,413.6
95,394.4
1189,459.19999999999993
97,392.0
1185,476.0
1212,456.79999999999995
93,394.4
1182,473.6
1256,461.6
1205,454.4
95,392.0
1243,502.4
1178,471.19999999999993
1211,454.4
95,392.0
1233,495.19999999999993
1174,468.79999999999995
1212,452.0
99,389.6
1235,500.0
1170,466.4
1193,449.6
100,389.6
1167,454.4
1195,447.19999999999993
101,389.6
1163,466.4
1187,444.79999999999995
1149,404.0
1159,449.6
1192,444.79999999999995
98,387.19999999999993
1231,452.0
1155,442.4
102,387.19999999999993
1225,452.0
1151,440.0
103,384.79999999999995
1147,437.6
100,384.79999999999995
1218,447.19999999999993
1143,435.19999999999993
102,384.79999999999995
1139,435.19999999999993
103,384.79999999999995
1135,449.6
1162,432.79999999999995
105,382.4
1131,449.6
1156,430.4
1118,382.4
102,382.4
1127,440.0
1160,430.4
104,375.19999999999993
1123,428.0
105,380.0
1195,432.79999999999995
1120,425.6
1107,380.0
106,380.0
1116,423.19999999999993
104,382.4
1103,370.4
1187,430.4
1112,420.79999999999995
109,380.0
1099,370.4
1109,418.4
111,380.0
1095,370.4
1105,384.79999999999995
104,377.6
1101,428.0
1133,384.79999999999995
110,377.6
1097,382.4
111,377.6
1094,380.0
113,375.19999999999993
1088,392.0
1120,377.6
112,370.4
1149,456.79999999999995
1087,425.6
1116,408.79999999999995
1081,375.19999999999993
114,370.4
1079,404.0
111,370.4
1075,404.0
116,372.79999999999995
1071,401.6
113,372.79999999999995
1068,399.19999999999993
113,372.79999999999995
1064,399.19999999999993
1130,401.6
1060,384.79999999999995
116,375.19999999999993
115,368.0
1043,344.0
119,363.19999999999993
1040,332.0
114,372.79999999999995
1050,360.79999999999995
1036,329.6
1046,408.79999999999995
118,363.19999999999993
1072,358.4
1033,327.19999999999993
1042,387.19999999999993
121,363.19999999999993
1039,387.19999999999993
120,370.4
1035,368.0
1031,365.6
122,365.6
1027,365.6
123,365.6
123,370.4
1022,346.4
117,365.6
1020,344.0
123,363.19999999999993
1017,344.0
1014,344.0
997,312.79999999999995
124,363.19999999999993
994,310.4
121,356.0
989,310.4
132,372.79999999999995
985,308.0
128,360.79999999999995
983,305.6
124,358.4
992,346.4
129,358.4
976,303.19999999999993
130,356.0
978,329.6
977,327.19999999999993
130,356.0
975,324.79999999999995
128,353.6
973,322.4
131,351.19999999999993
970,320.0
133,353.6
966,320.0
132,353.6
963,317.6
134,353.6
962,317.6
134,336.79999999999995
958,315.19999999999993
136,346.4
954,312.79999999999995
951,310.4
936,286.4
137,346.4
947,310.4
135,344.0
931,284.0
138,344.0
927,281.6
135,341.6
923,279.19999999999993
140,339.19999999999993
933,303.19999999999993
921,279.19999999999993
139,353.6
916,276.79999999999995
140,339.19999999999993
914,276.79999999999995
140,344.0
911,274.4
142,339.19999999999993
906,272.0
142,341.6
917,296.0
144,336.79999999999995
897,269.6
142,339.19999999999993
911,293.6
142,336.79999999999995
908,291.19999999999993
138,339.19999999999993
891,267.19999999999993
147,336.79999999999995
888,264.79999999999995
143,334.4
881,262.4
148,339.19999999999993
881,262.4
149,329.6
874,260.0
150,332.0
876,260.0
151,329.6
885,281.6
151,329.6
882,281.6
152,332.0
879,279.19999999999993
149,329.6
875,279.19999999999993
154,332.0
860,252.79999999999995
154,332.0
857,252.79999999999995
864,274.4
156,322.4
863,272.0
156,320.0
860,272.0
154,327.19999999999993
855,272.0
854,269.6
158,329.6
851,267.19999999999993
159,341.6
848,267.19999999999993
159,327.19999999999993
845,264.79999999999995
842,264.79999999999995
157,327.19999999999993
838,262.4
161,322.4
835,262.4
160,324.79999999999995
832,260.0
160,317.6
829,257.6
163,324.79999999999995
825,257.6
164,322.4
822,255.19999999999993
819,255.19999999999993
816,252.79999999999995
164,310.4
813,252.79999999999995
165,312.79999999999995
810,250.39999999999998
166,320.0
807,250.39999999999998
166,310.4
804,248.0
167,320.0
801,248.0
798,245.60000000000002
169,308.0
795,245.60000000000002
792,243.19999999999993
170,303.19999999999993
789,243.19999999999993
786,240.79999999999995
172,308.0
783,240.79999999999995
172,310.4
780,240.79999999999995
777,238.39999999999998
774,236.0
176,312.79999999999995
771,236.0
178,300.79999999999995
767,233.60000000000002
765,233.60000000000002
172,308.0
811,300.79999999999995
753,209.60000000000002
178,308.0
759,231.19999999999993
178,308.0
757,228.79999999999995
179,308.0
754,228.79999999999995
180,296.0
751,226.39999999999998
748,226.39999999999998
179,312.79999999999995
746,226.39999999999998
182,308.0
742,224.0
727,188.0
182,305.6
737,224.0
180,305.6
734,221.60000000000002
511,-172.0
179,300.79999999999995
731,221.60000000000002
179,312.79999999999995
728,216.79999999999995
182,305.6
725,216.79999999999995
183,305.6
716,214.39999999999998
718,214.39999999999998
187,308.0
717,214.39999999999998
188,305.6
714,214.39999999999998
180,296.0
711,212.0
188,298.4
709,212.0
190,298.4
706,209.60000000000002
189,293.6
703,204.79999999999995
191,296.0
701,204.79999999999995
698,204.79999999999995
195,296.0
696,202.39999999999998
693,202.39999999999998
194,296.0
691,202.39999999999998
194,293.6
688,202.39999999999998
195,300.79999999999995
685,200.0
196,293.6
682,228.79999999999995
746,195.19999999999993
679,200.0
676,195.19999999999993
674,197.60000000000002
198,279.19999999999993
671,197.60000000000002
668,195.19999999999993
665,195.19999999999993
663,221.60000000000002
727,192.79999999999995
661,192.79999999999995
202,286.4
658,219.19999999999993
721,192.79999999999995
206,291.19999999999993
656,190.39999999999998
206,293.6
654,212.0
715,190.39999999999998
204,286.4
651,190.39999999999998
648,190.39999999999998
206,288.79999999999995
646,214.39999999999998
708,185.60000000000002
207,291.19999999999993
643,185.60000000000002
207,276.79999999999995
640,188.0
205,284.0
637,183.19999999999993
210,284.0
636,183.19999999999993
211,286.4
624,183.19999999999993
214,284.0
631,183.19999999999993
212,286.4
628,207.19999999999993
688,180.79999999999995
213,279.19999999999993
624,178.39999999999998
621,204.79999999999995
683,178.39999999999998
214,284.0
618,176.0
215,279.19999999999993
616,202.39999999999998
676,176.0
217,276.79999999999995
614,176.0
217,279.19999999999993
612,176.0
609,176.0
219,286.4
607,173.60000000000002
218,281.6
605,197.60000000000002
664,171.19999999999993
218,276.79999999999995
602,171.19999999999993
599,195.19999999999993
658,168.79999999999995
222,276.79999999999995
597,192.79999999999995
655,168.79999999999995
222,276.79999999999995
594,168.79999999999995
224,286.4
592,166.39999999999998
223,284.0
589,166.39999999999998
224,286.4
587,164.0
224,286.4
584,188.0
582,188.0
640,164.0
578,188.0
228,276.79999999999995
575,185.60000000000002
230,276.79999999999995
573,185.60000000000002
632,161.60000000000002
229,276.79999999999995
571,161.60000000000002
230,276.79999999999995
569,183.19999999999993
231,276.79999999999995
566,183.19999999999993
564,180.79999999999995
233,276.79999999999995
561,180.79999999999995
619,154.39999999999998
232,274.4
558,154.39999999999998
233,274.4
557,178.39999999999998
234,274.4
553,154.39999999999998
236,274.4
551,176.0
549,176.0
235,276.79999999999995
546,173.60000000000002
235,276.79999999999995
544,173.60000000000002
235,276.79999999999995
541,171.19999999999993
237,276.79999999999995
539,171.19999999999993
238,274.4
536,171.19999999999993
238,274.4
534,168.79999999999995
238,274.4
532,168.79999999999995
238,272.0
528,166.39999999999998
235,272.0
527,166.39999999999998
524,166.39999999999998
243,272.0
521,164.0
520,164.0
244,269.6
517,161.60000000000002
246,269.6
515,161.60000000000002
512,161.60000000000002
248,269.6
510,159.19999999999993
249,269.6
508,159.19999999999993
657,-280.0
250,272.0
505,156.79999999999995
520,-107.19999999999999
495,-186.4
250,269.6
503,156.79999999999995
500,156.79999999999995
501,154.39999999999998
496,154.39999999999998
253,264.79999999999995
493,154.39999999999998
491,152.0
254,264.79999999999995
489,152.0
486,149.60000000000002
483,149.60000000000002
256,262.4
481,147.19999999999993
505,-140.8
479,147.19999999999993
258,262.4
476,147.19999999999993
259,262.4
474,144.79999999999995
260,262.4
472,144.79999999999995
469,142.39999999999998
467,142.39999999999998
465,142.39999999999998
463,140.0
711,-148.0
460,140.0
458,140.0
266,260.0
455,137.60000000000002
524,-229.6
453,137.60000000000002
451,137.60000000000002
448,135.19999999999993
446,135.19999999999993
269,257.6
444,132.79999999999995
441,132.79999999999995
439,132.79999999999995
271,255.19999999999993
458,137.60000000000002
437,130.39999999999998
434,130.39999999999998
272,255.19999999999993
432,130.39999999999998
429,128.0
427,128.0
449,132.79999999999995
425,125.60000000000002
422,125.60000000000002
274,250.39999999999998
420,123.19999999999993
417,123.19999999999993
415,123.19999999999993
413,120.79999999999995
276,250.39999999999998
410,120.79999999999995
408,118.39999999999998
405,118.39999999999998
278,250.39999999999998
403,118.39999999999998
278,250.39999999999998
401,116.0
279,248.0
396,116.0
396,113.60000000000002
393,113.60000000000002
391,113.60000000000002
282,245.60000000000002
388,111.19999999999999
386,108.79999999999995
384,108.79999999999995
382,108.79999999999995
406,113.60000000000002
379,106.39999999999998
377,106.39999999999998
374,104.0
286,240.79999999999995
370,104.0
368,104.0
390,108.79999999999995
367,101.59999999999997
363,101.59999999999997
361,99.19999999999999
359,99.19999999999999
353,96.79999999999995
351,96.79999999999995
348,104.0
372,96.79999999999995
346,94.39999999999998
344,94.39999999999998
291,233.60000000000002
341,92.0
339,92.0
293,231.19999999999993
341,89.59999999999997
513,-102.40000000000003
293,231.19999999999993
334,89.59999999999997
334,89.59999999999997
294,231.19999999999993
332,87.19999999999999
295,231.19999999999993
330,87.19999999999999
295,228.79999999999995
325,84.79999999999995
296,231.19999999999993
325,84.79999999999995
320,82.39999999999998
297,226.39999999999998
318,82.39999999999998
316,82.39999999999998
313,80.0
311,80.0
308,80.0
306,77.59999999999997
304,77.59999999999997
490,-143.2
301,75.19999999999999
399,-76.0
507,-133.60000000000002
299,75.19999999999999
296,82.39999999999998
318,72.79999999999995
655,29.599999999999966
522,-128.8
706,-143.2
540,-188.8
304,219.19999999999993
294,72.79999999999995
304,219.19999999999993
292,72.79999999999995
289,80.0
311,70.39999999999998
138,-40.0
287,70.39999999999998
201,-30.400000000000034
512,-212.8
287,77.59999999999997
306,68.0
206,-30.400000000000034
112,-88.0
385,-92.80000000000001
620,-112.0
50,-136.0
495,-138.40000000000003
307,214.39999999999998
282,68.0
280,75.19999999999999
303,68.0
307,214.39999999999998
278,65.59999999999997
275,65.59999999999997
308,212.0
273,72.79999999999995
296,63.19999999999999
271,63.19999999999999
308,212.0
268,63.19999999999999
723,-42.400000000000034
717,-140.8
309,212.0
266,70.39999999999998
288,60.799999999999955
309,209.60000000000002
264,60.799999999999955
311,209.60000000000002
261,68.0
284,60.799999999999955
310,209.60000000000002
259,58.39999999999998
311,207.19999999999993
257,58.39999999999998
254,65.59999999999997
277,56.0
312,207.19999999999993
252,65.59999999999997
274,56.0
250,56.0
532,-164.8
247,63.19999999999999
270,53.599999999999966
245,53.599999999999966
243,53.599999999999966
240,51.19999999999999
238,60.799999999999955
260,51.19999999999999
236,51.19999999999999
233,48.80000000000001
231,48.80000000000001
229,48.80000000000001
226,46.39999999999998
224,56.0
246,46.39999999999998
222,46.39999999999998
219,44.0
217,53.599999999999966
239,44.0
214,44.0
212,51.19999999999999
235,41.599999999999966
210,51.19999999999999
232,41.599999999999966
207,41.599999999999966
322,192.79999999999995
205,39.19999999999999
323,192.79999999999995
202,39.19999999999999
200,39.19999999999999
198,39.19999999999999
324,190.39999999999998
196,36.80000000000001
285,1104.8
325,190.39999999999998
193,46.39999999999998
216,34.39999999999998
325,190.39999999999998
191,34.39999999999998
641,3.1999999999999886
179,-18.400000000000034
745,-54.400000000000034
716,-66.40000000000003
387,-114.40000000000003
325,188.0
189,34.39999999999998
186,44.0
208,34.39999999999998
184,34.39999999999998
328,185.60000000000002
181,32.0
137,903.2
179,29.599999999999966
176,41.599999999999966
199,32.0
174,29.599999999999966
172,27.19999999999999
169,29.599999999999966
166,39.19999999999999
189,29.599999999999966
164,27.19999999999999
162,27.19999999999999
159,27.19999999999999
156,36.80000000000001
179,27.19999999999999
154,22.399999999999977
152,36.80000000000001
175,22.399999999999977
150,22.399999999999977
147,20.0
145,34.39999999999998
166,20.0
142,20.0
140,20.0
138,20.0
135,32.0
157,17.599999999999966
399,-128.8
423,-155.20000000000002
514,-164.8
132,20.0
130,17.599999999999966
510,-167.20000000000002
128,15.199999999999989
126,29.599999999999966
147,15.199999999999989
338,171.19999999999993
123,29.599999999999966
144,15.199999999999989
338,171.19999999999993
121,17.599999999999966
121,15.199999999999989
115,12.800000000000011
113,12.800000000000011
133,12.800000000000011
111,12.800000000000011
108,27.19999999999999
130,-25.600000000000023
106,10.399999999999977
103,10.399999999999977
101,10.399999999999977
99,27.19999999999999
120,10.399999999999977
97,27.19999999999999
118,8.0
94,8.0
91,8.0
88,8.0
87,8.0
84,8.0
82,5.599999999999966
79,5.599999999999966
76,5.599999999999966
74,5.599999999999966
56,-23.19999999999999
72,5.599999999999966
34,-40.0
504,-145.60000000000002
192,-268.0
129,-344.8
350,156.79999999999995
69,5.599999999999966
67,3.1999999999999886
351,154.39999999999998
65,3.1999999999999886
62,3.1999999999999886
351,159.19999999999993
60,22.399999999999977
79,3.1999999999999886
57,22.399999999999977
77,-20.80000000000001
352,154.39999999999998
55,20.0
74,-20.80000000000001
53,5.599999999999966
84,-23.19999999999999
51,-23.19999999999999
48,0.8000000000000114
45,0.8000000000000114
43,20.0
62,-23.19999999999999
41,20.0
59,-23.19999999999999
473,-150.4
38,17.599999999999966
25,-40.0
57,-56.80000000000001
35,17.599999999999966
55,-40.0
33,-40.0
30,-42.400000000000034
28,-30.400000000000034
26,-37.60000000000002
24,-25.600000000000023
21,-25.600000000000023
18,-28.0
16,-25.600000000000023
14,-28.0
11,17.599999999999966
33,-25.600000000000023
9,-25.600000000000023
6,-25.600000000000023
4,-32.80000000000001
365,147.19999999999993
2,17.599999999999966
8,-25.600000000000023
0,17.599999999999966
19,-32.80000000000001
0,17.599999999999966
28,-35.19999999999999
366,152.0
0,17.599999999999966
26,-40.0
366,147.19999999999993
0,-40.0
367,144.79999999999995
0,-32.80000000000001
405,-138.40000000000003
0,-42.400000000000034
405,-126.40000000000003
0,-37.60000000000002
255,1059.2
0,-37.60000000000002
0,-30.400000000000034
238,1044.8
0,-28.0
140,-47.19999999999999
409,-95.19999999999999
109,-119.19999999999999
408,-227.20000000000002
208,-248.8
141,-299.2
120,-368.8
0,-28.0
0,-28.0
0,-28.0
0,-28.0
0,-28.0
0,-30.400000000000034
0,-30.400000000000034
0,-30.400000000000034
0,-32.80000000000001
0,-30.400000000000034
0,-32.80000000000001
0,-30.400000000000034
0,-30.400000000000034
0,-30.400000000000034
0,-30.400000000000034
0,-37.60000000000002
418,-90.40000000000003
378,-256.0
0,-42.400000000000034
22,-109.60000000000002
673,-56.80000000000001
382,128.0
250,1049.6
576,1217.6
403,-268.0
358,96.79999999999995
419,-95.19999999999999
398,-284.8
520,-328.0
626,-388.0
357,96.79999999999995
355,99.19999999999999
354,99.19999999999999
355,99.19999999999999
354,99.19999999999999
354,99.19999999999999
719,-172.0
391,-90.40000000000003
349,99.19999999999999
341,106.39999999999998
340,106.39999999999998
339,106.39999999999998
339,106.39999999999998
339,106.39999999999998
338,106.39999999999998
332,111.19999999999999
331,113.60000000000002
325,113.60000000000002
325,113.60000000000002
323,116.0
322,116.0
321,116.0
321,118.39999999999998
321,118.39999999999998
321,118.39999999999998
319,118.39999999999998
318,118.39999999999998
310,125.60000000000002
310,125.60000000000002
309,125.60000000000002
308,128.0
308,128.0
308,128.0
307,128.0
305,128.0
302,132.79999999999995
302,132.79999999999995
301,132.79999999999995
300,135.19999999999993
299,137.60000000000002
1,1205.6
109,-109.60000000000002
400,-263.20000000000005
313,984.8
297,140.0
296,140.0
936,5.599999999999966
288,144.79999999999995
285,142.39999999999998
1068,-400.0
428,1236.8
294,144.79999999999995
292,144.79999999999995
402,980.0
292,147.19999999999993
511,-172.0
924,-174.4
282,147.19999999999993
723,-16.0
290,149.60000000000002
285,152.0
289,154.39999999999998
284,154.39999999999998
284,156.79999999999995
278,156.79999999999995
281,159.19999999999993
277,159.19999999999993
276,159.19999999999993
251,1047.2
1041,219.19999999999993
1161,209.60000000000002
1062,173.60000000000002
273,156.79999999999995
1078,113.60000000000002
1186,94.39999999999998
1119,94.39999999999998
934,27.19999999999999
626,27.19999999999999
880,3.1999999999999886
658,-11.199999999999989
1040,-28.0
1004,-44.80000000000001
735,-47.19999999999999
900,-92.80000000000001
1039,-97.60000000000002
841,-100.0
419,-107.19999999999999
694,-114.40000000000003
910,-121.60000000000002
660,-133.60000000000002
725,-152.8
1049,-184.0
554,-200.8
903,-212.8
1012,-256.0
1098,-277.6
975,-308.8
598,1203.2
318,1128.8
247,1056.8
1234,195.19999999999993
1090,195.19999999999993
1156,159.19999999999993
281,159.19999999999993
1143,149.60000000000002
1196,120.79999999999995
933,41.599999999999966
1034,36.80000000000001
735,-32.80000000000001
1065,-68.80000000000001
658,-78.40000000000003
135,-78.40000000000003
729,-90.40000000000003
414,-121.60000000000002
275,-128.8
901,-136.0
505,-140.8
711,-148.0
435,-174.4
960,-184.0
634,1205.6
1167,238.39999999999998
876,8.0
760,-8.800000000000011
392,-88.0
121,-90.40000000000003
669,-145.60000000000002
529,-179.20000000000002
132,-340.0
525,-380.8
384,922.3999999999999
283,171.19999999999993
507,-145.60000000000002
278,176.0
279,171.19999999999993
278,168.79999999999995
277,168.79999999999995
276,168.79999999999995
275,176.0
992,147.19999999999993
1197,130.39999999999998
715,-148.0
659,-160.0
273,166.39999999999998
1001,132.79999999999995
347,1140.8
246,1059.2
1211,214.39999999999998
1029,212.0
1186,106.39999999999998
1022,84.79999999999995
1041,-1.6000000000000227
1026,-107.19999999999999
916,-157.60000000000002
340,1109.6
257,1066.3999999999999
273,168.79999999999995
1166,152.0
984,147.19999999999993
1046,101.59999999999997
1189,94.39999999999998
814,68.0
1035,-107.19999999999999
402,-107.19999999999999
725,-145.60000000000002
539,-160.0
628,-162.4
906,-164.8
641,-203.20000000000002
915,-268.0
269,1080.8
142,903.2
275,161.60000000000002
1012,84.79999999999995
255,1061.6
271,161.60000000000002
1135,116.0
898,104.0
853,96.79999999999995
699,36.80000000000001
1035,8.0
925,-124.0
683,-160.0
513,-272.8
146,-311.2
392,-359.2
521,-366.4
1054,-371.2
629,-385.6
157,-400.0
292,1095.2
244,1054.3999999999999
1018,204.79999999999995
1203,168.79999999999995
275,161.60000000000002
1072,140.0
1092,120.79999999999995
1002,116.0
1054,70.39999999999998
943,12.800000000000011
1048,8.0
878,0.8000000000000114
897,-35.19999999999999
739,-52.0
1015,-54.400000000000034
407,-92.80000000000001
1042,-150.4
678,-160.0
887,-188.8
717,-210.4
897,-229.6
392,-277.6
379,-364.0
529,-371.2
346,1126.3999999999999
273,161.60000000000002
727,-30.400000000000034
897,-179.20000000000002
247,1052.0
273,180.79999999999995
1051,-20.80000000000001
718,-181.6
519,-311.2
264,1071.2
1063,135.19999999999993
1195,116.0
938,104.0
1115,101.59999999999997
1011,-239.20000000000002
255,1059.2
271,178.39999999999998
138,-340.0
271,185.60000000000002
270,178.39999999999998
270,164.0
269,180.79999999999995
269,180.79999999999995
265,183.19999999999993
266,185.60000000000002
266,185.60000000000002
261,164.0
261,185.60000000000002
261,188.0
261,188.0
1177,188.0
262,188.0
1240,51.19999999999999
262,188.0
1254,190.39999999999998
260,188.0
1205,180.79999999999995
255,190.39999999999998
255,190.39999999999998
258,192.79999999999995
258,192.79999999999995
255,195.19999999999993
255,192.79999999999995
255,192.79999999999995
258,192.79999999999995
254,195.19999999999993
249,197.60000000000002
