x,y
1246,249
1124,140
1194,201
1251,231
1169,234
1222,189
1015,26
1164,216
1242,249
1177,234
1039,145
247,289
1030,177
1192,227
246,290
693,108
245,289
244,288
243,288
1182,239
243,288
1238,217
1207,198
242,288
1038,246
1218,189
241,288
1217,187
240,287
1185,244
1164,229
1021,124
239,287
239,287
238,287
237,288
236,288
236,288
235,289
234,289
233,289
232,289
231,289
1237,244
230,290
229,291
228,291
227,290
1204,205
226,290
398,141
1023,127
691,107
641,83
225,290
703,102
224,290
223,290
222,290
219,290
216,291
215,291
217,292
214,292
215,292
1208,206
214,292
213,292
212,292
210,292
209,292
208,292
206,292
205,292
701,104
205,292
203,292
202,293
201,293
200,293
199,293
1218,197
198,294
1207,185
197,294
196,294
195,295
194,294
193,294
192,294
191,295
190,295
187,295
185,296
184,296
184,296
183,297
182,297
181,297
180,297
179,297
177,297
177,297
176,297
171,297
169,298
172,298
170,299
170,299
167,299
167,297
166,297
164,300
165,297
163,297
162,298
163,298
162,298
160,299
157,294
153,303
153,302
153,300
152,301
151,300
151,302
147,302
145,302
144,292
141,302
144,302
144,302
143,302
142,301
139,303
133,303
135,303
135,303
136,304
134,303
132,304
126,304
127,304
121,304
126,304
130,304
127,304
119,304
124,304
118,305
123,305
122,305
122,305
122,306
121,306
104,306
119,306
113,306
114,306
113,306
115,306
112,307
113,307
109,313
105,308
109,308
110,309
109,309
108,309
106,309
104,309
91,306
103,309
101,305
99,308
103,309
99,310
94,309
98,310
96,310
96,310
90,311
95,311
94,312
93,311
91,311
90,312
90,310
89,312
78,310
83,310
79,310
83,312
84,313
83,314
84,314
80,315
82,315
82,316
82,315
72,313
73,312
75,313
71,312
70,318
69,313
69,313
67,317
67,315
66,315
66,315
64,316
65,318
66,320
66,320
66,320
67,320
66,320
66,321
64,321
61,321
61,322
61,322
59,323
61,323
59,324
58,324
58,325
58,326
57,326
56,327
31,327
50,327
52,328
52,328
47,330
48,329
46,330
49,329
44,330
692,108
48,331
47,332
46,332
45,332
40,332
43,333
42,335
41,336
40,334
39,333
39,334
38,333
37,333
37,333
36,335
36,338
33,335
28,335
32,336
32,336
32,336
31,338
30,337
29,338
28,336
29,336
28,338
27,339
27,339
26,339
25,340
24,340
23,340
22,341
20,341
21,342
19,342
17,343
15,343
16,343
17,345
13,343
14,343
13,343
11,342
9,344
8,342
7,343
8,344
6,344
4,345
4,345
4,346
3,346
2,347
1,347
0,347
0,348
0,348
0,348
0,348
0,348
0,348
0,349
0,349
0,363
0,363
0,363
0,362
0,362
0,362
0,362
0,361
0,361
0,360
0,360
0,359
0,359
0,359
1,359
1,358
2,358
3,358
1,362
1,357
1,357
5,357
5,357
7,357
8,356
10,351
9,355
8,355
8,355
8,355
8,355
9,354
18,350
18,350
18,350
16,351
16,351
3,352
15,352
14,351
14,351
11,353
3,355
19,355
27,353
32,352
33,349
31,349
34,349
34,349
32,351
35,348
33,348
34,348
41,347
40,353
33,346
36,346
39,346
41,346
42,346
40,346
43,345
40,345
42,345
37,345
46,344
48,345
49,344
47,343
39,343
48,343
51,342
52,342
53,341
55,340
54,347
55,341
56,340
54,340
58,339
59,340
58,339
58,340
60,339
62,339
62,339
62,340
66,340
67,338
68,338
68,338
69,338
69,338
69,338
72,337
72,339
70,337
72,337
73,337
75,336
77,335
78,334
78,334
78,335
80,335
81,334
81,334
82,334
83,333
82,333
1260,380
82,334
1257,379
82,333
1253,378
83,334
1249,377
86,334
1245,377
82,336
1241,376
88,333
1237,375
89,334
1233,374
89,333
1229,373
89,333
1225,365
89,333
1221,372
89,331
1217,371
1247,363
89,332
1213,370
1237,363
1199,341
92,332
1209,364
1241,362
89,331
1205,370
1234,361
94,331
1201,368
1246,360
1188,342
1256,378
1197,368
1223,360
1184,341
1193,361
1227,359
1180,339
95,331
1189,358
97,330
1185,365
1212,357
93,331
1182,364
1256,359
1205,356
95,330
1243,376
1178,363
1211,356
95,330
1233,373
1174,362
1212,355
99,329
1235,375
1170,361
1193,354
100,329
1167,356
1195,353
101,329
1163,361
1187,352
1149,335
1159,354
1192,352
98,328
1231,355
1155,351
102,328
1225,355
1151,350
103,327
1147,349
100,327
1218,353
1143,348
102,327
1139,348
103,327
1135,354
1162,347
105,326
1131,354
1156,346
1118,326
102,326
1127,350
1160,346
104,323
1123,345
105,325
1195,347
1120,344
1107,325
106,325
1116,343
104,326
1103,321
1187,346
1112,342
109,325
1099,321
1109,341
111,325
1095,321
1105,327
104,324
1101,345
1133,327
110,324
1097,326
111,324
1094,325
113,323
1088,330
1120,324
112,321
1149,357
1087,344
1116,337
1081,323
114,321
1079,335
111,321
1075,335
116,322
1071,334
113,322
1068,333
113,322
1064,333
1130,334
1060,327
116,323
115,320
1043,310
119,318
1040,305
114,322
1050,317
1036,304
1046,337
118,318
1072,316
1033,303
1042,328
121,318
1039,328
120,321
1035,320
1031,319
122,319
1027,319
123,319
123,321
1022,311
117,319
1020,310
123,318
1017,310
1014,310
997,297
124,318
994,296
121,315
989,296
132,322
985,295
128,317
983,294
124,316
992,311
129,316
976,293
130,315
978,304
977,303
130,315
975,302
128,314
973,301
131,313
970,300
133,314
966,300
132,314
963,299
134,314
962,299
134,307
958,298
136,311
954,297
951,296
936,286
137,311
947,296
135,310
931,285
138,310
927,284
135,309
923,283
140,308
933,293
921,283
139,314
916,282
140,308
914,282
140,310
911,281
142,308
906,280
142,309
917,290
144,307
897,279
142,308
911,289
142,307
908,288
138,308
891,278
147,307
888,277
143,306
881,276
148,308
881,276
149,304
874,275
150,305
876,275
151,304
885,284
151,304
882,284
152,305
879,283
149,304
875,283
154,305
860,272
154,305
857,272
864,281
156,301
863,280
156,300
860,280
154,303
855,280
854,279
158,304
851,278
159,309
848,278
159,303
845,277
842,277
157,303
838,276
161,301
835,276
160,302
832,275
160,299
829,274
163,302
825,274
164,301
822,273
819,273
816,272
164,296
813,272
165,297
810,271
166,300
807,271
166,296
804,270
167,300
801,270
798,269
169,295
795,269
792,268
170,293
789,268
786,267
172,295
783,267
172,296
780,267
777,266
774,265
176,297
771,265
178,292
767,264
765,264
172,295
811,292
753,254
178,295
759,263
178,295
757,262
179,295
754,262
180,290
751,261
748,261
179,297
746,261
182,295
742,260
727,245
182,294
737,260
180,294
734,259
511,95
179,292
731,259
179,297
728,257
182,294
725,257
183,294
716,256
718,256
187,295
717,256
188,294
714,256
180,290
711,255
188,291
709,255
190,291
706,254
189,289
703,252
191,290
701,252
698,252
195,290
696,251
693,251
194,290
691,251
194,289
688,251
195,292
685,250
196,289
682,262
746,248
679,250
676,248
674,249
198,283
671,249
668,248
665,248
663,259
727,247
661,247
202,286
658,258
721,247
206,288
656,246
206,289
654,255
715,246
204,286
651,246
648,246
206,287
646,256
708,244
207,288
643,244
207,282
640,245
205,285
637,243
210,285
636,243
211,286
624,243
214,285
631,243
212,286
628,253
688,242
213,283
624,241
621,252
683,241
214,285
618,240
215,283
616,251
676,240
217,282
614,240
217,283
612,240
609,240
219,286
607,239
218,284
605,249
664,238
218,282
602,238
599,248
658,237
222,282
597,247
655,237
222,282
594,237
224,286
592,236
223,285
589,236
224,286
587,235
224,286
584,245
582,245
640,235
578,245
228,282
575,244
230,282
573,244
632,234
229,282
571,234
230,282
569,243
231,282
566,243
564,242
233,282
561,242
619,231
232,281
558,231
233,281
557,241
234,281
553,231
236,281
551,240
549,240
235,282
546,239
235,282
544,239
235,282
541,238
237,282
539,238
238,281
536,238
238,281
534,237
238,281
532,237
238,280
528,236
235,280
527,236
524,236
243,280
521,235
520,235
244,279
517,234
246,279
515,234
512,234
248,279
510,233
249,279
508,233
657,50
250,280
505,232
520,122
495,89
250,279
503,232
500,232
501,231
496,231
253,277
493,231
491,230
254,277
489,230
486,229
483,229
256,276
481,228
505,108
479,228
258,276
476,228
259,276
474,227
260,276
472,227
469,226
467,226
465,226
463,225
711,105
460,225
458,225
266,275
455,224
524,71
453,224
451,224
448,223
446,223
269,274
444,222
441,222
439,222
271,273
458,224
437,221
434,221
272,273
432,221
429,220
427,220
449,222
425,219
422,219
274,271
420,218
417,218
415,218
413,217
276,271
410,217
408,216
405,216
278,271
403,216
278,271
401,215
279,270
396,215
396,214
393,214
391,214
282,269
388,213
386,212
384,212
382,212
406,214
379,211
377,211
374,210
286,267
370,210
368,210
390,212
367,209
363,209
361,208
359,208
353,207
351,207
348,210
372,207
346,206
344,206
291,264
341,205
339,205
293,263
341,204
513,124
293,263
334,204
334,204
294,263
332,203
295,263
330,203
295,262
325,202
296,263
325,202
320,201
297,261
318,201
316,201
313,200
311,200
308,200
306,199
304,199
490,107
301,198
399,135
507,111
299,198
296,201
318,197
655,179
522,113
706,107
540,88
304,258
294,197
304,258
292,197
289,200
311,196
138,150
287,196
201,154
512,78
287,199
306,195
206,154
112,130
385,128
620,120
50,110
495,109
307,256
282,195
280,198
303,195
307,256
278,194
275,194
308,255
273,197
296,193
271,193
308,255
268,193
723,149
717,108
309,255
266,196
288,192
309,254
264,192
311,254
261,195
284,192
310,254
259,191
311,253
257,191
254,194
277,190
312,253
252,194
274,190
250,190
532,98
247,193
270,189
245,189
243,189
240,188
238,192
260,188
236,188
233,187
231,187
229,187
226,186
224,190
246,186
222,186
219,185
217,189
239,185
214,185
212,188
235,184
210,188
232,184
207,184
322,247
205,183
323,247
202,183
200,183
198,183
324,246
196,182
285,627
325,246
193,186
216,181
325,246
191,181
641,168
179,159
745,144
716,139
387,119
325,245
189,181
186,185
208,181
184,181
328,244
181,180
137,543
179,179
176,184
199,180
174,179
172,178
169,179
166,183
189,179
164,178
162,178
159,178
156,182
179,178
154,176
152,182
175,176
150,176
147,175
145,181
166,175
142,175
140,175
138,175
135,180
157,174
399,113
423,102
514,98
132,175
130,174
510,97
128,173
126,179
147,173
338,238
123,179
144,173
338,238
121,174
121,173
115,172
113,172
133,172
111,172
108,178
130,156
106,171
103,171
101,171
99,178
120,171
97,178
118,170
94,170
91,170
88,170
87,170
84,170
82,169
79,169
76,169
74,169
56,157
72,169
34,150
504,106
192,55
129,23
350,232
69,169
67,168
351,231
65,168
62,168
351,233
60,176
79,168
57,176
77,158
352,231
55,175
74,158
53,169
84,157
51,157
48,167
45,167
43,175
62,157
41,175
59,157
473,104
38,174
25,150
57,143
35,174
55,150
33,150
30,149
28,154
26,151
24,156
21,156
18,155
16,156
14,155
11,174
33,156
9,156
6,156
4,153
365,228
2,174
8,156
0,174
19,153
0,174
28,152
366,230
0,174
26,150
366,228
0,150
367,227
0,153
405,109
0,149
405,114
0,151
255,608
0,151
0,154
238,602
0,155
140,147
409,127
109,117
408,72
208,63
141,42
120,13
0,155
0,155
0,155
0,155
0,155
0,154
0,154
0,154
0,153
0,154
0,153
0,154
0,154
0,154
0,154
0,151
418,129
378,60
0,149
22,121
673,143
382,220
250,604
576,674
403,55
358,207
419,127
398,48
520,30
626,5
357,207
355,208
354,208
355,208
354,208
354,208
719,95
391,129
349,208
341,211
340,211
339,211
339,211
339,211
338,211
332,213
331,214
325,214
325,214
323,215
322,215
321,215
321,216
321,216
321,216
319,216
318,216
310,219
310,219
309,219
308,220
308,220
308,220
307,220
305,220
302,222
302,222
301,222
300,223
299,224
1,669
109,121
400,57
313,577
297,225
296,225
936,169
288,227
285,226
1068,0
428,682
294,227
292,227
402,575
292,228
511,95
924,94
282,228
723,160
290,229
285,230
289,231
284,231
284,232
278,232
281,233
277,233
276,233
251,603
1041,258
1161,254
1062,239
273,232
1078,214
1186,206
1119,206
934,178
626,178
880,168
658,162
1040,155
1004,148
735,147
900,128
1039,126
841,125
419,122
694,119
910,116
660,111
725,103
1049,90
554,83
903,78
1012,60
1098,51
975,38
598,668
318,637
247,607
1234,248
1090,248
1156,233
281,233
1143,229
1196,217
933,184
1034,182
735,153
1065,138
658,134
135,134
729,129
414,116
275,113
901,110
505,108
711,105
435,94
960,90
634,669
1167,266
876,170
760,163
392,130
121,129
669,106
529,92
132,25
525,8
384,551
283,238
507,106
278,240
279,238
278,237
277,237
276,237
275,240
992,228
1197,221
715,105
659,100
273,236
1001,222
347,642
246,608
1211,256
1029,255
1186,211
1022,202
1041,166
1026,122
916,101
340,629
257,611
273,237
1166,230
984,228
1046,209
1189,206
814,195
1035,122
402,122
725,106
539,100
628,99
906,98
641,82
915,55
269,617
142,543
275,234
1012,202
255,609
271,234
1135,215
898,210
853,207
699,182
1035,170
925,115
683,100
513,53
146,37
392,17
521,14
1054,12
629,6
157,0
292,623
244,606
1018,252
1203,237
275,234
1072,225
1092,217
1002,215
1054,196
943,172
1048,170
878,167
897,152
739,145
1015,144
407,128
1042,104
678,100
887,88
717,79
897,71
392,51
379,15
529,12
346,636
273,234
727,154
897,92
247,605
273,242
1051,158
718,91
519,37
264,613
1063,223
1195,215
938,210
1115,209
1011,67
255,608
271,241
138,25
271,244
270,241
270,235
269,242
269,242
265,243
266,244
266,244
261,235
261,244
261,245
261,245
1177,245
262,245
1240,188
262,245
1254,246
260,245
1205,242
255,246
255,246
258,247
258,247
255,248
255,247
255,247
258,247
254,248
249,249
